           1           1
           2           2
           3           3
           4           5
           5           7
           6          11
           7          13
           8          17
           9          19
          10          23
          11          29
          12          31
          13          37
          14          41
          15          43
          16          47
          17          53
          18          59
          19          61
          20          67
          21          71
          22          73
          23          79
          24          83
          25          89
          26          97
          27         101
          28         103
          29         107
          30         109
          31         113
          32         127
          33         131
          34         137
          35         139
          36         149
          37         151
          38         157
          39         163
          40         167
          41         173
          42         179
          43         181
          44         191
          45         193
          46         197
          47         199
          48         211
          49         223
          50         227
          51         229
          52         233
          53         239
          54         241
          55         251
          56         257
          57         263
          58         269
          59         271
          60         277
          61         281
          62         283
          63         293
          64         307
          65         311
          66         313
          67         317
          68         331
          69         337
          70         347
          71         349
          72         353
          73         359
          74         367
          75         373
          76         379
          77         383
          78         389
          79         397
          80         401
          81         409
          82         419
          83         421
          84         431
          85         433
          86         439
          87         443
          88         449
          89         457
          90         461
          91         463
          92         467
          93         479
          94         487
          95         491
          96         499
          97         503
          98         509
          99         521
         100         523
         101         541
         102         547
         103         557
         104         563
         105         569
         106         571
         107         577
         108         587
         109         593
         110         599
         111         601
         112         607
         113         613
         114         617
         115         619
         116         631
         117         641
         118         643
         119         647
         120         653
         121         659
         122         661
         123         673
         124         677
         125         683
         126         691
         127         701
         128         709
         129         719
         130         727
         131         733
         132         739
         133         743
         134         751
         135         757
         136         761
         137         769
         138         773
         139         787
         140         797
         141         809
         142         811
         143         821
         144         823
         145         827
         146         829
         147         839
         148         853
         149         857
         150         859
         151         863
         152         877
         153         881
         154         883
         155         887
         156         907
         157         911
         158         919
         159         929
         160         937
         161         941
         162         947
         163         953
         164         967
         165         971
         166         977
         167         983
         168         991
         169         997
         170        1009
         171        1013
         172        1019
         173        1021
         174        1031
         175        1033
         176        1039
         177        1049
         178        1051
         179        1061
         180        1063
         181        1069
         182        1087
         183        1091
         184        1093
         185        1097
         186        1103
         187        1109
         188        1117
         189        1123
         190        1129
         191        1151
         192        1153
         193        1163
         194        1171
         195        1181
         196        1187
         197        1193
         198        1201
         199        1213
         200        1217
         201        1223
         202        1229
         203        1231
         204        1237
         205        1249
         206        1259
         207        1277
         208        1279
         209        1283
         210        1289
         211        1291
         212        1297
         213        1301
         214        1303
         215        1307
         216        1319
         217        1321
         218        1327
         219        1361
         220        1367
         221        1373
         222        1381
         223        1399
         224        1409
         225        1423
         226        1427
         227        1429
         228        1433
         229        1439
         230        1447
         231        1451
         232        1453
         233        1459
         234        1471
         235        1481
         236        1483
         237        1487
         238        1489
         239        1493
         240        1499
         241        1511
         242        1523
         243        1531
         244        1543
         245        1549
         246        1553
         247        1559
         248        1567
         249        1571
         250        1579
         251        1583
         252        1597
         253        1601
         254        1607
         255        1609
         256        1613
         257        1619
         258        1621
         259        1627
         260        1637
         261        1657
         262        1663
         263        1667
         264        1669
         265        1693
         266        1697
         267        1699
         268        1709
         269        1721
         270        1723
         271        1733
         272        1741
         273        1747
         274        1753
         275        1759
         276        1777
         277        1783
         278        1787
         279        1789
         280        1801
         281        1811
         282        1823
         283        1831
         284        1847
         285        1861
         286        1867
         287        1871
         288        1873
         289        1877
         290        1879
         291        1889
         292        1901
         293        1907
         294        1913
         295        1931
         296        1933
         297        1949
         298        1951
         299        1973
         300        1979
         301        1987
         302        1993
         303        1997
         304        1999
         305        2003
         306        2011
         307        2017
         308        2027
         309        2029
         310        2039
         311        2053
         312        2063
         313        2069
         314        2081
         315        2083
         316        2087
         317        2089
         318        2099
         319        2111
         320        2113
         321        2129
         322        2131
         323        2137
         324        2141
         325        2143
         326        2153
         327        2161
         328        2179
         329        2203
         330        2207
         331        2213
         332        2221
         333        2237
         334        2239
         335        2243
         336        2251
         337        2267
         338        2269
         339        2273
         340        2281
         341        2287
         342        2293
         343        2297
         344        2309
         345        2311
         346        2333
         347        2339
         348        2341
         349        2347
         350        2351
         351        2357
         352        2371
         353        2377
         354        2381
         355        2383
         356        2389
         357        2393
         358        2399
         359        2411
         360        2423
         361        2437
         362        2441
         363        2447
         364        2459
         365        2467
         366        2473
         367        2477
         368        2503
         369        2521
         370        2531
         371        2539
         372        2543
         373        2549
         374        2551
         375        2557
         376        2579
         377        2591
         378        2593
         379        2609
         380        2617
         381        2621
         382        2633
         383        2647
         384        2657
         385        2659
         386        2663
         387        2671
         388        2677
         389        2683
         390        2687
         391        2689
         392        2693
         393        2707
         394        2711
         395        2713
         396        2719
         397        2729
         398        2731
         399        2741
         400        2749
         401        2753
         402        2767
         403        2777
         404        2789
         405        2791
         406        2797
         407        2801
         408        2803
         409        2819
         410        2833
         411        2843
         412        2851
         413        2857
         414        2861
         415        2887
         416        2897
         417        2903
         418        2909
         419        2917
         420        2927
         421        2953
         422        2957
         423        2963
         424        2969
         425        2971
         426        2999
         427        3001
         428        3011
         429        3019
         430        3023
         431        3037
         432        3041
         433        3049
         434        3061
         435        3067
         436        3079
         437        3083
         438        3089
         439        3109
         440        3119
         441        3121
         442        3137
         443        3163
         444        3169
         445        3181
         446        3187
         447        3191
         448        3203
         449        3209
         450        3221
         451        3251
         452        3253
         453        3259
         454        3299
         455        3301
         456        3307
         457        3313
         458        3319
         459        3323
         460        3331
         461        3359
         462        3361
         463        3371
         464        3373
         465        3389
         466        3391
         467        3407
         468        3413
         469        3433
         470        3449
         471        3457
         472        3461
         473        3463
         474        3467
         475        3469
         476        3491
         477        3499
         478        3511
         479        3517
         480        3529
         481        3533
         482        3539
         483        3541
         484        3547
         485        3557
         486        3559
         487        3571
         488        3581
         489        3593
         490        3613
         491        3617
         492        3623
         493        3631
         494        3637
         495        3643
         496        3659
         497        3671
         498        3673
         499        3677
         500        3697
         501        3701
         502        3709
         503        3719
         504        3727
         505        3767
         506        3779
         507        3793
         508        3797
         509        3803
         510        3821
         511        3823
         512        3851
         513        3853
         514        3863
         515        3877
         516        3881
         517        3889
         518        3907
         519        3911
         520        3919
         521        3923
         522        3929
         523        3931
         524        3947
         525        3967
         526        4003
         527        4007
         528        4013
         529        4019
         530        4021
         531        4027
         532        4051
         533        4057
         534        4073
         535        4093
         536        4153
         537        4157
         538        4159
         539        4177
         540        4201
         541        4217
         542        4219
         543        4231
         544        4243
         545        4253
         546        4261
         547        4273
         548        4297
         549        4327
         550        4339
         551        4349
         552        4357
         553        4373
         554        4421
         555        4423
         556        4447
         557        4451
         558        4457
         559        4483
         560        4507
         561        4513
         562        4523
         563        4561
         564        4597
         565        4603
         566        4621
         567        4637
         568        4651
         569        4663
         570        4691
         571        4703
         572        4721
         573        4723
         574        4759
         575        4799
         576        4831
         577        4871
         578        4889
         579        4903
         580        4909
         581        4919
         582        4931
         583        4933
         584        4951
         585        4969
         586        4973
         587        4987
         588        4993
         589        5003
         590        5009
         591        5011
         592        5021
         593        5023
         594        5099
         595        5101
         596        5107
         597        5113
         598        5171
         599        5179
         600        5197
         601        5209
         602        5227
         603        5261
         604        5281
         605        5303
         606        5347
         607        5351
         608        5407
         609        5413
         610        5417
         611        5419
         612        5437
         613        5441
         614        5443
         615        5479
         616        5501
         617        5521
         618        5527
         619        5557
         620        5591
         621        5623
         622        5647
         623        5683
         624        5701
         625        5717
         626        5801
         627        5851
         628        5857
         629        5861
         630        5869
         631        5881
         632        5953
         633        5981
         634        6007
         635        6029
         636        6037
         637        6053
         638        6073
         639        6089
         640        6121
         641        6151
         642        6163
         643        6217
         644        6221
         645        6271
         646        6301
         647        6317
         648        6323
         649        6373
         650        6389
         651        6397
         652        6427
         653        6473
         654        6481
         655        6607
         656        6637
         657        6653
         658        6661
         659        6679
         660        6733
         661        6737
         662        6823
         663        6871
         664        6883
         665        6961
         666        6967
         667        6971
         668        6977
         669        7057
         670        7151
         671        7159
         672        7211
         673        7243
         674        7321
         675        7333
         676        7351
         677        7417
         678        7489
         679        7507
         680        7561
         681        7573
         682        7687
         683        7723
         684        7867
         685        7927
         686        7963
         687        7993
         688        8017
         689        8069
         690        8191
         691        8209
         692        8221
         693        8377
         694        8461
         695        8713
         696        8821
         697        8951
         698        8971
         699        9127
         700        9133
         701        9137
         702        9397
         703        9403
         704        9521
         705        9551
         706        9631
         707        9803
         708        9811
         709        9929
         710        9931
         711        9973
         712       10099
         713       10103
         714       10111
         715       10177
         716       10271
         717       10501
         718       10531
         719       11551
         720       11971
         721       13163
         722       13469
         723       13807
         724       15511
         725       16381
